0.140095 10
0.181396 11
0.183799 13
0.186202 15
0.188606 17
0.191009 19
0.222666 21
0.225069 23
0.227472 25
0.229875 27
0.232278 29
0.234682 31
0.237085 33
0.239488 35
0.241891 37
0.263935 39
0.266339 41
0.268742 43
0.271145 45
0.273548 47
0.275951 49
0.278355 51
0.280758 53
0.283161 55
0.285564 57
0.287967 59
0.290371 61
0.292774 63
0.295177 65
0.29758 67
0.299983 69
0.302387 71
0.30479 73
0.307193 75
0.309596 77
0.311999 79
0.314403 81
0.316806 83
0.319209 85
0.321612 87
0.324015 89
0.326419 91
0.328822 93
0.331225 95
0.333628 97
0.336031 99
0.338435 101
0.340838 103
0.343241 105
0.345644 107
0.348047 109
0.350451 111
0.352854 113
0.355257 115
0.35766 117
0.360063 119
0.362467 121
0.36487 123
0.367273 125
0.369676 127
0.372079 129
0.374483 131
0.376886 133
0.379289 135
0.381692 137
0.384095 139
0.386499 141
0.388902 143
0.391305 145
0.393708 147
0.396111 149
0.398515 151
0.400918 153
0.403321 155
0.405724 157
0.408127 159
0.410531 161
0.412934 163
0.436966 164
0.460998 165
0.48503 166
0.509062 167
0.533094 168
0.547526 166
0.548728 165.377
0.549936 163.065
0.551137 162.753
0.552339 160.441
0.553541 160.13
0.554742 157.818
0.555944 157.506
0.557145 155.195
0.558347 154.883
0.559549 152.571
0.56075 152.259
0.561952 149.948
0.563153 149.635
0.564355 147.324
0.565557 147.012
0.566758 144.7
0.56796 143
0.569161 140
0.570363 139
0.571565 136
0.572766 135
0.573968 132
0.575169 131
0.576371 128
0.577573 127
0.578774 124
0.579976 123
0.581177 122
0.582379 121
0.583581 120
0.584782 119
0.585984 118
0.587185 117
0.602806 116
0.626838 115
0.65087 114
0.674902 113
0.698934 112
0.709749 117
0.833494 118
0.864735 119
0.929622 120
0.96567 121
1.00893 122
1.05699 123
1.10506 124
1.14831 125
1.18676 126
1.22522 127
1.26367 128
1.30452 129
1.34538 130
1.38383 131
1.43189 132
1.47515 133
1.5136 134
1.56407 135
1.60732 136
1.65779 137
1.70345 138
1.75632 139
1.77315 138
1.77435 137.376
1.77555 137.064
1.77676 136.752
1.77796 136.44
1.77916 136.128
1.78036 135.816
1.78156 135.504
1.78276 135.192
1.78397 134.88
1.78517 134.568
1.78637 134.256
1.78757 133.943
1.78877 133.631
1.78997 133.32
1.79118 133.008
1.79238 132.695
1.79358 132.383
1.79478 132.071
1.79598 131.759
1.79718 131.447
1.79839 130
1.79959 129
1.80079 128
1.80199 127
1.80319 126
1.80439 125
1.80559 124
1.8068 123
1.808 122
1.8092 121
1.8104 120
1.8116 119
1.8128 118
1.81401 117
1.81521 116
1.81641 115
1.81761 114
1.81881 113
1.82001 112
1.82122 111
1.82242 110.366
1.82363 108
1.82483 107
1.82603 106
1.82723 105
1.82843 104
1.82963 103
1.83083 102
1.83204 101
1.83324 100
1.83444 99
1.83564 98
1.83684 97
1.86929 96
1.92216 95
1.93538 97
2.0363 98
2.12041 99
2.18529 100
2.25258 101
2.31266 102
2.39437 103
2.47127 104
2.55058 105
2.62508 106
2.72361 107
2.81734 108
2.88222 109
3.01199 110
3.14417 111
3.27635 112
3.34604 113
3.48062 114
3.6176 115
3.78342 116
4.03095 117
4.38422 118
7.09984 119
7.4507 120
7.69823 121
7.8953 122
8.06352 123
8.20771 124
8.33749 125
8.45524 126
8.56579 127
8.66672 128
8.76045 129
8.84937 130
8.93348 131
9.01278 132
9.08969 133
9.16178 134
9.23148 135
9.29877 136
9.36365 137
9.42614 138
9.46459 137
9.46579 136.372
9.467 136.057
9.4682 135.743
9.4694 135.429
9.4706 135.115
9.4718 134.8
9.473 134.486
9.47421 134.172
9.47541 133.858
9.47661 133.544
9.47781 133.229
9.47901 132.914
9.48021 132.6
9.48142 132.286
9.48262 131.972
9.48382 131.657
9.48502 131.343
9.48622 131.029
9.48742 130.715
9.48863 130.401
9.48983 129
9.49103 128
9.49223 127
9.49343 126
9.49463 125
9.49583 124
9.49704 123
9.49824 122
9.49944 121
9.50064 120
9.50184 119
9.50304 118
9.50425 117
9.50545 116
9.50665 115
9.50785 114
9.50905 113
9.51025 112
9.51146 111
9.51266 110
9.51386 109.169
9.51506 108
9.51626 107
9.51746 106
9.51867 105
9.51987 104
9.52107 103
9.52227 102
9.52347 101
9.52467 100
9.52587 99
9.52708 98
9.52828 97
9.52949 96
9.59198 95
9.62682 96
9.70611 97
9.70851 98
9.74216 99
9.78301 100
9.82146 101
9.86232 102
9.90317 103
9.94643 104
9.98728 105
10.0305 106
10.0762 107
10.1219 108
10.1675 109
10.2156 110
10.2637 111
10.3141 112
10.3646 113
10.4175 114
10.4703 115
10.5256 116
10.5809 117
10.641 118
10.701 119
10.7635 120
10.8284 121
10.8957 122
10.9654 123
11.0375 124
11.1144 125
11.1937 126
11.309 127
11.4604 128
11.5373 129
11.6695 130
11.7705 131
11.9195 132
12.0084 133
12.167 134
12.328 135
12.4914 136
12.6572 135
12.6584 134.377
12.6596 134.066
12.6608 133.754
12.6621 133.443
12.6633 133.131
12.6645 132.819
12.6657 132.508
12.6669 132.196
12.6681 131.885
12.6693 131.573
12.6705 131.261
12.6717 130.95
12.6729 130.638
12.6741 130.327
12.6753 130.015
12.6765 129.703
12.6777 129.392
12.6789 129.08
12.6801 128.769
12.6813 128.457
12.6825 127
12.6837 126
12.6849 125
12.6861 124
12.6873 123
12.6885 122
12.6897 121
12.6909 120
12.6921 119
12.6933 118
12.6945 117
12.6957 116
12.6969 115
12.6981 114
12.6993 113
12.7005 112
12.7017 111
12.7029 110
12.7041 109
12.7053 108
12.7065 107.07
12.7077 106.758
12.7089 105
12.7101 104
12.7113 103
12.7125 102
12.7137 101
12.7149 100
12.7161 99
12.7173 98
12.7185 97
12.7197 96
12.7209 95
12.8195 96
12.8435 97
12.9084 98
12.9757 99
13.0742 100
13.1944 101
13.2568 102
13.3578 103
13.4419 104
13.5404 105
13.6293 106
13.7495 107
13.8216 108
13.9514 109
14.0835 110
14.2157 111
14.3479 112
14.5065 113
14.754 114
15.1073 115
17.8229 116
18.169 117
18.4213 118
18.6184 119
18.7842 120
18.9308 121
19.0606 122
19.1783 123
19.2889 124
19.3874 125
19.4835 126
19.5724 127
19.6566 128
19.7359 129
19.8128 130
19.8849 131
19.9546 132
20.0218 133
20.0867 134
20.1492 135
20.2093 136
20.267 137
20.3246 138
20.3751 137
20.3763 136.372
20.3775 136.057
20.3787 135.743
20.3799 135.429
20.3811 135.115
20.3823 134.8
20.3835 134.486
20.3847 134.172
20.3859 133.858
20.3871 133.544
20.3883 133.229
20.3895 132.914
20.3907 132.6
20.3919 132.286
20.3931 131.972
20.3943 131.657
20.3955 131.343
20.3967 131.029
20.398 130.715
20.3992 130.401
20.4004 129
20.4016 128
20.4028 127
20.404 126
20.4052 125
20.4064 124
20.4076 123
20.4088 122
20.41 121
20.4112 120
20.4124 119
20.4136 118
20.4148 117
20.416 116
20.4172 115
20.4184 114
20.4196 113
20.4208 112
20.422 111
20.4232 110
20.4244 109.169
20.4256 108
20.4268 107
20.428 106
20.4292 105
20.4304 104
20.4316 103
20.4328 101
20.434 100
20.4352 99
20.4364 98
20.4376 97
20.4388 96
20.4905 95
20.5373 96
20.6046 97
20.607 98
20.6407 99
20.6815 100
20.72 101
20.7608 102
20.8017 103
20.8449 104
20.8858 105
20.9291 106
20.9747 107
21.0204 108
21.066 109
21.1141 110
21.1622 111
21.2126 112
21.2631 113
21.316 114
21.3688 115
21.4241 116
21.4794 117
21.5395 118
21.5995 119
21.662 120
21.7269 121
21.7942 122
21.8639 123
21.9841 124
22.0922 125
22.1763 126
22.2652 127
22.359 128
22.4383 129
22.568 130
22.6714 131
22.818 132
22.9069 133
23.0679 134
23.2289 135
23.3899 136
23.5558 135
23.557 134.377
23.5582 134.066
23.5594 133.754
23.5606 133.443
23.5618 133.131
23.563 132.819
23.5642 132.508
23.5654 132.196
23.5666 131.885
23.5678 131.573
23.569 131.261
23.5702 130.95
23.5714 130.638
23.5726 130.327
23.5738 130.015
23.575 129.703
23.5762 129.392
23.5774 129.08
23.5786 128.769
23.5798 128.457
23.581 127
23.5822 126
23.5834 125
23.5846 124
23.5858 123
23.587 122
23.5882 121
23.5894 120
23.5906 119
23.5918 118
23.593 117
23.5942 116
23.5954 115
23.5966 114
23.5978 113
23.599 112
23.6002 111
23.6014 110
23.6026 109
23.6038 108
23.605 107.07
23.6062 106.758
23.6074 105
23.6086 104
23.6098 103
23.611 102
23.6122 101
23.6134 100
23.6146 99
23.6158 98
23.617 97
23.6182 96
23.6194 95
23.718 96
23.742 97
23.8069 98
23.8742 99
23.9751 100
24.0929 101
24.1553 102
24.2563 103
24.3404 104
24.4389 105
24.5302 106
24.648 107
24.7225 108
24.8523 109
24.982 110
25.1142 111
25.2488 112
25.405 113
25.6525 114
26.0058 115
28.7214 116
29.0675 117
29.3198 118
29.5169 119
29.6827 120
29.8293 121
29.9591 122
30.0768 123
30.1874 124
30.2859 125
30.382 126
30.471 127
30.5551 128
30.6344 129
30.7113 130
30.7834 131
30.8531 132
30.9204 133
30.9852 134
31.0477 135
31.1078 136
31.1655 137
31.2232 138
31.2736 137
31.2748 136.372
31.276 136.057
31.2772 135.743
31.2784 135.429
31.2796 135.115
31.2808 134.8
31.282 134.486
31.2832 134.172
31.2844 133.858
31.2856 133.544
31.2869 133.229
31.2881 132.914
31.2893 132.6
31.2905 132.286
31.2917 131.972
31.2929 131.657
31.2941 131.343
31.2953 131.029
31.2965 130.715
31.2977 130.401
31.2989 129
31.3001 128
31.3013 127
31.3025 126
31.3037 125
31.3049 124
31.3061 123
31.3073 122
31.3085 121
31.3097 120
31.3109 119
31.3121 118
31.3133 117
31.3145 116
31.3157 115
31.3169 114
31.3181 113
31.3193 112
31.3205 111
31.3217 110
31.3229 109.169
31.3241 108
31.3253 107
31.3265 106
31.3277 105
31.3289 104
31.3301 103
31.3313 101
31.3325 100
31.3337 99
31.3349 98
31.3361 97
31.3373 96
31.389 95
31.4359 96
31.5031 97
31.5055 98
31.5392 99
31.58 100
31.6185 101
31.6593 102
31.7002 103
31.7435 104
31.7843 105
31.8276 106
31.8732 107
31.9189 108
31.9645 109
32.0126 110
32.0607 111
32.1111 112
32.1616 113
32.2145 114
32.2673 115
32.3226 116
32.3779 117
32.438 118
32.4981 119
32.5605 120
32.6254 121
32.6927 122
32.7624 123
32.8826 124
32.9907 125
33.0748 126
33.1637 127
33.2575 128
33.3368 129
33.4665 130
33.5699 131
33.7165 132
33.8078 133
33.9664 134
34.1274 135
34.2908 136
34.4567 135
34.4579 134.377
34.4591 134.066
34.4603 133.754
34.4615 133.443
34.4627 133.131
34.4639 132.819
34.4651 132.508
34.4663 132.196
34.4675 131.885
34.4687 131.573
34.4699 131.261
34.4711 130.95
34.4723 130.638
34.4735 130.327
34.4747 130.015
34.4759 129.703
34.4771 129.392
34.4783 129.08
34.4795 128.769
34.4807 128.457
34.4819 127
34.4831 126
34.4843 125
34.4855 124
34.4867 123
34.4879 122
34.4891 121
34.4903 120
34.4915 119
34.4927 118
34.4939 117
34.4951 116
34.4963 115
34.4975 114
34.4987 113
34.4999 112
34.5011 111
34.5023 110
34.5035 109
34.5047 108
34.5059 107.07
34.5071 106.758
34.5083 105
34.5095 104
34.5107 103
34.5119 102
34.5131 101
34.5143 100
34.5155 99
34.5168 98
34.518 97
34.5192 96
34.5204 95
34.6189 96
34.6429 97
34.7078 98
34.7751 99
34.8736 100
34.9938 101
35.0563 102
35.1572 103
35.2413 104
35.3398 105
35.4288 106
35.5489 107
35.621 108
35.7508 109
35.883 110
36.0151 111
36.1473 112
36.3059 113
36.5535 114
36.9067 115
39.6223 116
39.9684 117
40.2207 118
40.4178 119
40.5836 120
40.7302 121
40.86 122
40.9777 123
41.0883 124
41.1868 125
41.283 126
41.3719 127
41.456 128
41.5353 129
41.6122 130
41.6843 131
41.754 132
41.8213 133
41.8862 134
41.9486 135
42.0087 136
42.0664 137
42.1241 138
42.1745 137
42.1757 136.372
42.177 136.057
42.1782 135.743
42.1794 135.429
42.1806 135.115
42.1818 134.8
42.183 134.486
42.1842 134.172
42.1854 133.858
42.1866 133.544
42.1878 133.229
42.189 132.914
42.1902 132.6
42.1914 132.286
42.1926 131.972
42.1938 131.657
42.195 131.343
42.1962 131.029
42.1974 130.715
42.1986 130.401
42.1998 129
42.201 128
42.2022 127
42.2034 126
42.2046 125
42.2058 124
42.207 123
42.2082 122
42.2094 121
42.2106 120
42.2118 119
42.213 118
42.2142 117
42.2154 116
42.2166 115
42.2178 114
42.219 113
42.2202 112
42.2214 111
42.2226 110
42.2238 109.169
42.225 108
42.2262 107
42.2274 106
42.2286 105
42.2298 104
42.231 103
42.2322 101
42.2334 100
42.2346 99
42.2358 98
42.237 97
42.2382 96
42.2899 95
42.3368 96
42.404 97
42.4065 98
42.4401 99
42.4809 100
42.5194 101
42.5603 102
42.6011 103
42.6444 104
42.6852 105
42.7285 106
42.7741 107
42.8198 108
42.8655 109
42.9135 110
42.9616 111
43.0121 112
43.0625 113
43.1154 114
43.1683 115
43.2235 116
43.2788 117
43.3389 118
43.399 119
43.4615 120
43.5263 121
43.5936 122
43.6633 123
43.7835 124
43.8916 125
43.9757 126
44.0647 127
44.1584 128
44.2377 129
44.3675 130
44.4708 131
44.6174 132
44.7063 133
44.8673 134
45.0283 135
45.1894 136
45.3552 135
45.3564 134.377
45.3576 134.066
45.3588 133.754
45.36 133.443
45.3612 133.131
45.3624 132.819
45.3636 132.508
45.3648 132.196
45.366 131.885
45.3672 131.573
45.3684 131.261
45.3696 130.95
45.3708 130.638
45.372 130.327
45.3732 130.015
45.3744 129.703
45.3756 129.392
45.3768 129.08
45.378 128.769
45.3792 128.457
45.3804 127
45.3816 126
45.3828 125
45.384 124
45.3852 123
45.3864 122
45.3876 121
45.3888 120
45.39 119
45.3912 118
45.3924 117
45.3936 116
45.3948 115
45.396 114
45.3972 113
45.3984 112
45.3996 111
45.4008 110
45.402 109
45.4032 108
45.4044 107.07
45.4057 106.758
45.4069 105
45.4081 104
45.4093 103
45.4105 102
45.4117 101
45.4129 100
45.4141 99
45.4153 98
45.4165 97
45.4177 96
45.4189 95
45.5174 96
45.5414 97
45.6063 98
45.6736 99
45.7745 100
45.8923 101
45.9548 102
46.0557 103
46.1398 104
46.2384 105
46.3297 106
46.4474 107
46.5219 108
46.6517 109
46.7815 110
46.9137 111
47.0482 112
47.2044 113
47.452 114
47.8052 115
50.5209 116
50.8669 117
51.1193 118
51.3163 119
51.4821 120
51.6287 121
51.7585 122
51.8763 123
51.9868 124
52.0853 125
52.1815 126
52.2704 127
52.3545 128
52.4338 129
52.5107 130
52.5828 131
52.6525 132
52.7198 133
52.7847 134
52.8472 135
52.9072 136
52.9649 137
53.0226 138
53.0731 137
53.0743 136.372
53.0755 136.057
53.0767 135.743
53.0779 135.429
53.0791 135.115
53.0803 134.8
53.0815 134.486
53.0827 134.172
53.0839 133.858
53.0851 133.544
53.0863 133.229
53.0875 132.914
53.0887 132.6
53.0899 132.286
53.0911 131.972
53.0923 131.657
53.0935 131.343
53.0947 131.029
53.0959 130.715
53.0971 130.401
53.0983 129
53.0995 128
53.1007 127
53.1019 126
53.1031 125
53.1043 124
53.1055 123
53.1067 122
53.1079 121
53.1091 120
53.1103 119
53.1115 118
53.1127 117
53.1139 116
53.1151 115
53.1163 114
53.1175 113
53.1187 112
53.1199 111
53.1211 110
53.1223 109.169
53.1235 108
53.1247 107
53.1259 106
53.1271 105
53.1283 104
53.1295 103
53.1307 101
53.1319 100
53.1331 99
53.1343 98
53.1356 97
53.1368 96
53.1884 95
53.2353 96
53.3026 97
53.305 98
53.3386 99
53.3795 100
53.4179 101
53.4588 102
53.4996 103
53.5429 104
53.5837 105
53.627 106
53.6727 107
53.7183 108
53.764 109
53.812 110
53.8601 111
53.9106 112
53.961 113
54.0139 114
54.0668 115
54.1221 116
54.1773 117
54.2374 118
54.2975 119
54.36 120
54.4249 121
54.4921 122
54.5618 123
54.682 124
54.7901 125
54.8743 126
54.9632 127
55.0569 128
55.1362 129
55.266 130
55.3693 131
55.5159 132
55.6072 133
55.7658 134
55.9269 135
56.0903 136
56.2561 135
56.2573 134.377
56.2585 134.066
56.2597 133.754
56.2609 133.443
56.2621 133.131
56.2633 132.819
56.2645 132.508
56.2657 132.196
56.2669 131.885
56.2681 131.573
56.2693 131.261
56.2705 130.95
56.2717 130.638
56.2729 130.327
56.2741 130.015
56.2753 129.703
56.2765 129.392
56.2777 129.08
56.2789 128.769
56.2801 128.457
56.2813 127
56.2825 126
56.2837 125
56.2849 124
56.2861 123
56.2873 122
56.2885 121
56.2897 120
56.2909 119
56.2921 118
56.2933 117
56.2945 116
56.2958 115
56.297 114
56.2982 113
56.2994 112
56.3006 111
56.3018 110
56.303 109
56.3042 108
56.3054 107.07
56.3066 106.758
56.3078 105
56.309 104
56.3102 103
56.3114 102
56.3126 101
56.3138 100
56.315 99
56.3162 98
56.3174 97
56.3186 96
56.3198 95
56.4183 96
56.4423 97
56.5072 98
56.5745 99
56.673 100
56.7932 101
56.8557 102
56.9566 103
57.0407 104
57.1393 105
57.2282 106
57.3483 107
57.4204 108
57.5502 109
57.6824 110
57.8146 111
57.9467 112
58.1054 113
58.3529 114
58.7062 115
61.4218 116
61.7678 117
62.0202 118
62.2172 119
62.3831 120
62.5296 121
62.6594 122
62.7772 123
62.8877 124
62.9863 125
63.0824 126
63.1713 127
63.2554 128
63.3347 129
63.4116 130
63.4837 131
63.5534 132
63.6207 133
63.6856 134
63.7481 135
63.8081 136
63.8658 137
63.9235 138
63.974 137
63.9752 136.372
63.9764 136.057
63.9776 135.743
63.9788 135.429
63.98 135.115
63.9812 134.8
63.9824 134.486
63.9836 134.172
63.9848 133.858
63.986 133.544
63.9872 133.229
63.9884 132.914
63.9896 132.6
63.9908 132.286
63.992 131.972
63.9932 131.657
63.9944 131.343
63.9956 131.029
63.9968 130.715
63.998 130.401
63.9992 129
64.0004 128
64.0016 127
64.0028 126
64.004 125
64.0052 124
64.0064 123
64.0076 122
64.0088 121
64.01 120
64.0112 119
64.0124 118
64.0136 117
64.0148 116
64.016 115
64.0172 114
64.0184 113
64.0196 112
64.0208 111
64.022 110
64.0232 109.169
64.0244 108
64.0256 107
64.0268 106
64.028 105
64.0293 104
64.0305 103
64.0317 101
64.0329 100
64.0341 99
64.0353 98
64.0365 97
64.0377 96
64.0893 95
64.1362 96
64.2035 97
64.2059 98
64.2395 99
64.2804 100
64.3188 101
64.3597 102
64.4005 103
64.4438 104
64.4846 105
64.5279 106
64.5736 107
64.6192 108
64.6649 109
64.713 110
64.761 111
64.8115 112
64.862 113
64.9148 114
64.9677 115
65.023 116
65.0782 117
65.1383 118
65.1984 119
65.2609 120
65.3258 121
65.3931 122
65.4628 123
65.5829 124
65.6911 125
65.7752 126
65.8641 127
65.9578 128
66.0371 129
66.1669 130
66.2702 131
66.4168 132
66.5057 133
66.6668 134
66.8278 135
66.9888 136
67.1546 135
67.1558 134.377
67.157 134.066
67.1582 133.754
67.1594 133.443
67.1606 133.131
67.1618 132.819
67.163 132.508
67.1642 132.196
67.1654 131.885
67.1666 131.573
67.1678 131.261
67.169 130.95
67.1702 130.638
67.1714 130.327
67.1726 130.015
67.1738 129.703
67.175 129.392
67.1762 129.08
67.1774 128.769
67.1786 128.457
67.1798 127
67.181 126
67.1822 125
67.1834 124
67.1847 123
67.1859 122
67.1871 121
67.1883 120
67.1895 119
67.1907 118
67.1919 117
67.1931 116
67.1943 115
67.1955 114
67.1967 113
67.1979 112
67.1991 111
67.2003 110
67.2015 109
67.2027 108
67.2039 107.07
67.2051 106.758
67.2063 105
67.2075 104
67.2087 103
67.2099 102
67.2111 101
67.2123 100
67.2135 99
67.2147 98
67.2159 97
67.2171 96
67.2183 95
67.3168 96
67.3409 97
67.4057 98
67.473 99
67.574 100
67.6917 101
67.7542 102
67.8551 103
67.9392 104
68.0378 105
68.1291 106
68.2469 107
68.3214 108
68.4511 109
68.5809 110
68.7131 111
68.8477 112
69.0039 113
69.2514 114
69.6047 115
72.3203 116
72.6663 117
72.9187 118
73.1157 119
73.2816 120
73.4282 121
73.5579 122
73.6757 123
73.7862 124
73.8848 125
73.9809 126
74.0698 127
74.1539 128
74.2332 129
74.3101 130
74.3822 131
74.4519 132
74.5192 133
74.5841 134
74.6466 135
74.7067 136
74.7643 137
74.822 138
74.8725 137
74.8737 136.372
74.8749 136.057
74.8761 135.743
74.8773 135.429
74.8785 135.115
74.8797 134.8
74.8809 134.486
74.8821 134.172
74.8833 133.858
74.8845 133.544
74.8857 133.229
74.8869 132.914
74.8881 132.6
74.8893 132.286
74.8905 131.972
74.8917 131.657
74.8929 131.343
74.8941 131.029
74.8953 130.715
74.8965 130.401
74.8977 129
74.8989 128
74.9001 127
74.9013 126
74.9025 125
74.9037 124
74.9049 123
74.9061 122
74.9073 121
74.9085 120
74.9097 119
74.9109 118
74.9121 117
74.9133 116
74.9145 115
74.9157 114
74.9169 113
74.9181 112
74.9193 111
74.9206 110
74.9218 109.169
74.923 108
74.9242 107
74.9254 106
74.9266 105
74.9278 104
74.929 103
74.9302 101
74.9314 100
74.9326 99
74.9338 98
74.935 97
74.9362 96
74.9879 95
75.0347 96
75.102 97
75.1044 98
75.138 99
75.1789 100
75.2173 101
75.2582 102
75.299 103
75.3423 104
75.3832 105
75.4264 106
75.4721 107
75.5177 108
75.5634 109
75.6115 110
75.6595 111
75.71 112
75.7605 113
75.8133 114
75.8662 115
75.9215 116
75.9768 117
76.0368 118
76.0969 119
76.1594 120
76.2243 121
76.2916 122
76.3613 123
76.4814 124
76.5896 125
76.6737 126
76.7626 127
76.8563 128
76.9356 129
77.0654 130
77.1687 131
77.3153 132
77.4067 133
77.5653 134
77.7263 135
77.8897 136
78.0555 135
78.0567 134.377
78.0579 134.066
78.0591 133.754
78.0603 133.443
78.0615 133.131
78.0627 132.819
78.0639 132.508
78.0651 132.196
78.0663 131.885
78.0675 131.573
78.0687 131.261
78.0699 130.95
78.0711 130.638
78.0723 130.327
78.0735 130.015
78.0748 129.703
78.076 129.392
78.0772 129.08
78.0784 128.769
78.0796 128.457
78.0808 127
78.082 126
78.0832 125
78.0844 124
78.0856 123
78.0868 122
78.088 121
78.0892 120
78.0904 119
78.0916 118
78.0928 117
78.094 116
78.0952 115
78.0964 114
78.0976 113
78.0988 112
78.1 111
78.1012 110
78.1024 109
78.1036 108
78.1048 107.07
78.106 106.758
78.1072 105
78.1084 104
78.1096 103
78.1108 102
78.112 101
78.1132 100
78.1144 99
78.1156 98
78.1168 97
78.118 96
78.1192 95
78.2177 96
78.2418 97
78.3067 98
78.3739 99
78.4725 100
78.5926 101
78.6551 102
78.7561 103
78.8402 104
78.9387 105
79.0276 106
79.1478 107
79.2199 108
79.3496 109
79.4818 110
79.614 111
79.7462 112
79.9048 113
80.1523 114
80.5056 115
83.2212 116
83.5673 117
83.8196 118
84.0167 119
84.1825 120
84.3291 121
84.4588 122
84.5766 123
84.6871 124
84.7857 125
84.8818 126
84.9707 127
85.0548 128
85.1341 129
85.211 130
85.2831 131
85.3528 132
85.4201 133
85.485 134
85.5475 135
85.6076 136
85.6653 137
85.7229 138
85.7734 137
85.7746 136.372
85.7758 136.057
85.777 135.743
85.7782 135.429
85.7794 135.115
85.7806 134.8
85.7818 134.486
85.783 134.172
85.7842 133.858
85.7854 133.544
85.7866 133.229
85.7878 132.914
85.789 132.6
85.7902 132.286
85.7914 131.972
85.7926 131.657
85.7938 131.343
85.795 131.029
85.7962 130.715
85.7974 130.401
85.7986 129
85.7998 128
85.801 127
85.8022 126
85.8034 125
85.8046 124
85.8058 123
85.807 122
85.8082 121
85.8095 120
85.8107 119
85.8119 118
85.8131 117
85.8143 116
85.8155 115
85.8167 114
85.8179 113
85.8191 112
85.8203 111
85.8215 110
85.8227 109.169
85.8239 108
85.8251 107
85.8263 106
85.8275 105
85.8287 104
85.8299 103
85.8311 101
85.8323 100
85.8335 99
85.8347 98
85.8359 97
85.8371 96
85.8888 95
85.9356 96
86.0029 97
86.0053 98
86.0389 99
86.0798 100
86.1183 101
86.1591 102
86.2 103
86.2432 104
86.2841 105
86.3273 106
86.373 107
86.4187 108
86.4643 109
86.5124 110
86.5604 111
86.6109 112
86.6614 113
86.7142 114
86.7671 115
86.8224 116
86.8777 117
86.9377 118
86.9978 119
87.0603 120
87.1252 121
87.1925 122
87.2622 123
87.3823 124
87.4905 125
87.5746 126
87.6635 127
87.7572 128
87.8365 129
87.9663 130
88.0697 131
88.2162 132
88.3052 133
88.4662 134
88.6272 135
88.7882 136
88.954 135
88.9552 134.377
88.9564 134.066
88.9576 133.754
88.9588 133.443
88.96 133.131
88.9612 132.819
88.9624 132.508
88.9637 132.196
88.9649 131.885
88.9661 131.573
88.9673 131.261
88.9685 130.95
88.9697 130.638
88.9709 130.327
88.9721 130.015
88.9733 129.703
88.9745 129.392
88.9757 129.08
88.9769 128.769
88.9781 128.457
88.9793 127
88.9805 126
88.9817 125
88.9829 124
88.9841 123
88.9853 122
88.9865 121
88.9877 120
88.9889 119
88.9901 118
88.9913 117
88.9925 116
88.9937 115
88.9949 114
88.9961 113
88.9973 112
88.9985 111
88.9997 110
89.0009 109
89.0021 108
89.0033 107.07
89.0045 106.758
89.0057 105
89.0069 104
89.0081 103
89.0093 102
89.0105 101
89.0117 100
89.0129 99
89.0141 98
89.0153 97
89.0165 96
89.0177 95
89.1162 96
89.1403 97
89.2052 98
89.2725 99
89.3734 100
89.4911 101
89.5536 102
89.6546 103
89.7387 104
89.8372 105
89.9285 106
90.0463 107
90.1208 108
90.2506 109
90.3803 110
90.5125 111
90.6471 112
90.8033 113
91.0508 114
91.4041 115
94.1197 116
94.4658 117
94.7181 118
94.9152 119
95.081 120
95.2276 121
95.3574 122
95.4751 123
95.5857 124
95.6842 125
95.7803 126
95.8692 127
95.9534 128
96.0327 129
96.1096 130
96.1817 131
96.2513 132
96.3186 133
96.3835 134
96.446 135
96.5061 136
96.5638 137
96.6214 138
96.6719 137
96.6731 136.372
96.6743 136.057
96.6755 135.743
96.6767 135.429
96.6779 135.115
96.6791 134.8
96.6803 134.486
96.6815 134.172
96.6827 133.858
96.6839 133.544
96.6851 133.229
96.6863 132.914
96.6875 132.6
96.6887 132.286
96.6899 131.972
96.6911 131.657
96.6923 131.343
96.6935 131.029
96.6947 130.715
96.6959 130.401
96.6971 129
96.6983 128
96.6996 127
96.7008 126
96.702 125
96.7032 124
96.7044 123
96.7056 122
96.7068 121
96.708 120
96.7092 119
96.7104 118
96.7116 117
96.7128 116
96.714 115
96.7152 114
96.7164 113
96.7176 112
96.7188 111
96.72 110
96.7212 109.169
96.7224 108
96.7236 107
96.7248 106
96.726 105
96.7272 104
96.7284 103
96.7296 101
96.7308 100
96.732 99
96.7332 98
96.7344 97
96.7356 96
96.7873 95
96.8341 96
96.9014 97
96.9038 98
96.9375 99
96.9783 100
97.0168 101
97.0576 102
97.0985 103
97.1417 104
97.1826 105
97.2258 106
97.2715 107
97.3172 108
97.3628 109
97.4109 110
97.459 111
97.5094 112
97.5599 113
97.6128 114
97.6656 115
97.7209 116
97.7762 117
97.8363 118
97.8963 119
97.9588 120
98.0237 121
98.091 122
98.1607 123
98.2809 124
98.389 125
98.4731 126
98.562 127
98.6557 128
98.7351 129
98.8648 130
98.9682 131
99.1148 132
99.2061 133
99.3647 134
99.5257 135
99.6891 136
99.855 135
99.8562 134.377
99.8574 134.066
99.8586 133.754
99.8598 133.443
99.861 133.131
99.8622 132.819
99.8634 132.508
99.8646 132.196
99.8658 131.885
99.867 131.573
99.8682 131.261
99.8694 130.95
99.8706 130.638
99.8718 130.327
99.873 130.015
99.8742 129.703
99.8754 129.392
99.8766 129.08
99.8778 128.769
99.879 128.457
99.8802 127
99.8814 126
99.8826 125
99.8838 124
99.885 123
99.8862 122
99.8874 121
99.8886 120
99.8898 119
99.891 118
99.8922 117
99.8934 116
99.8946 115
99.8958 114
99.897 113
99.8982 112
99.8994 111
99.9006 110
99.9018 109
99.903 108
99.9042 107.07
99.9054 106.758
99.9066 105
99.9078 104
99.909 103
99.9102 102
99.9114 101
99.9126 100
99.9138 99
99.915 98
99.9162 97
99.9174 96
99.9186 95
